5,1094.0247882321282,320.9812070750703
10,916.5212621885689,285.3388665203988
11,314.6283339899223,29.11976207833832
16,48.5035272399186,58.56556054272001
13,190.7306818442904,512.0975153685648
41,412.34452100859284,44.77336020816149
3,1282.317812813028,59.14557230413438
36,48.78460816991605,234.12580196742712
9,40.57140614876431,409.1446801470213
14,36.39071887878127,122.55491089549301
32,1252.2166631222938,520.4610449044608
4,435.72138047713173,505.4622452600328
34,514.2120750858732,39.29880674335517
1,1221.2592873073943,516.583842132507
39,31.869680663244655,512.1085740480618
6,1079.885833088549,72.67650819513946
7,1274.752796486092,169.07306380935572
12,147.0969808156228,46.066261001078516
15,691.6207313542798,461.0555842153741
2,1270.184025735056,385.2524276855302
8,1281.1880897274275,267.2752592544515
