9,622.4989217014763,500.58198368915436
14,1289.4414144533703,257.795326386768
15,818.8554579734315,168.70041093009746
8,156.96083431565967,188.73842159411615
1,843.7457366493973,518.4227471198316
39,1251.7849606465456,45.647887971170505
4,1075.1802308238657,48.63765379785473
41,465.7051136413216,517.1360588222525
12,1032.8969558415797,505.2383874161548
16,40.048369162491475,512.8631156427567
32,935.4299879087396,492.27414207103294
36,331.69475637334364,488.9740329461934
14,106.77506194648423,515.3494304119595
5,566.926933192055,29.247512487693704
5,184.6198519131819,26.588708923887875
6,251.24128692891108,32.53270319699898
6,430.1971420413203,64.29594265632417
3,247.7459488122174,137.8559147115518
39,1148.9196208374603,511.4877334396526
8,514.0823163905312,30.62154561737675
9,1244.3545658796156,294.8023486374673
3,367.7329461868722,58.32170611748724
36,1263.523738988663,427.36247409706164
13,1285.3535588267493,100.52057436645504
11,713.1505336079833,511.3109610997617
11,408.31985247311815,516.0295081577416
34,191.49169956541644,520.7551348945968
32,1023.6431836896455,63.1597038854926
41,560.6433066093949,489.0041216997128
15,769.8773333222639,54.4909207306722
7,373.29405887392915,281.67687406264474
2,679.7257210682524,414.43585465451
10,447.66004994999855,47.393452225237304
13,905.6921229108165,491.9443252208888
12,253.23800844484612,512.0495420867628
7,608.2663647706775,57.66861941136779
16,1248.109691279425,157.63217473212845
2,855.3809326450929,64.59388959406785
34,797.8729173539309,505.9561128309914
4,934.7969536038155,320.9391364021861
10,655.7471162241261,42.749456044639004
1,965.3701428651895,48.9688976633888
