2,703.1434967262207,568.2962835301871
9,851.0616760910216,510.24267609925744
36,485.40586794827027,482.8405614661513
10,313.2249999999999,-21.937147590095407
7,623.0194822520754,36.708181271389435
11,548.225,532.9371475900955
32,485.4058679482703,116.15943853384866
1,952.55,299.5
13,1107.7826689410952,521.5229448444087
8,623.0194822520755,562.2918187286106
14,416.4606507910166,259.3256571522123
5,1258.8046302684043,177.698736634025
34,440.1438416569029,182.5466381208622
12,940.5746497996543,378.95125726245925
16,781.4776731179619,48.58298105295478
4,851.0616760910216,88.75732390074253
6,781.4776731179618,550.4170189470453
39,273.16383067057484,484.2133411271847
41,905.7126616168763,147.65707834895048
3,416.4606507910166,339.6743428477879
15,703.1434967262207,30.70371646981289
